[1, 4, -9, 8, 1, 3, 3, 1, -1, -4, -6, 2, 8, 19, -10, -11, ]
ALGORITHM 1: 

[8, 1, 3, 3, 1, -1, -4, -6, 2, 8, 19, ]
34

ALGORITHM 2: 

[8, 1, 3, 3, 1, -1, -4, -6, 2, 8, 19, ]
34

ALGORITHM 3: 

[8, 1, 3, 3, 1, -1, -4, -6, 2, 8, 19, ]
34

ALGORITHM 4: 

[8, 1, 3, 3, 1, -1, -4, -6, 2, 8, 19, ]
34

------------------------------------------------

[2, 9, 8, 6, 5, -11, 9, -11, 7, 5, -1, -8, -3, 7, -2, ]
ALGORITHM 1: 

[2, 9, 8, 6, 5, ]
30

ALGORITHM 2: 

[2, 9, 8, 6, 5, ]
30

ALGORITHM 3: 

[2, 9, 8, 6, 5, ]
30

ALGORITHM 4: 

[2, 9, 8, 6, 5, ]
30

------------------------------------------------

[10, -11, -1, -9, 33, -45, 23, 24, -1, -7, -8, 19, ]
ALGORITHM 1: 

[23, 24, -1, -7, -8, 19, ]
50

ALGORITHM 2: 

[23, 24, -1, -7, -8, 19, ]
50

ALGORITHM 3: 

[23, 24, -1, -7, -8, 19, ]
50

ALGORITHM 4: 

[23, 24, -1, -7, -8, 19, ]
50

------------------------------------------------

[31, -41, 59, 26, -53, 58, 97, -93, -23, 84, ]
ALGORITHM 1: 

[59, 26, -53, 58, 97, ]
187

ALGORITHM 2: 

[59, 26, -53, 58, 97, ]
187

ALGORITHM 3: 

[59, 26, -53, 58, 97, ]
187

ALGORITHM 4: 

[59, 26, -53, 58, 97, ]
187

------------------------------------------------

[3, 2, 1, 1, -8, 1, 1, 2, 3, ]
ALGORITHM 1: 

[3, 2, 1, 1, ]
7

ALGORITHM 2: 

[3, 2, 1, 1, ]
7

ALGORITHM 3: 

[3, 2, 1, 1, ]
7

ALGORITHM 4: 

[3, 2, 1, 1, ]
7

------------------------------------------------

[12, 99, 99, -99, -27, 0, 0, 0, -3, 10, ]
ALGORITHM 1: 

[12, 99, 99, ]
210

ALGORITHM 2: 

[12, 99, 99, ]
210

ALGORITHM 3: 

[12, 99, 99, ]
210

ALGORITHM 4: 

[12, 99, 99, ]
210

------------------------------------------------

[-2, 1, -3, 4, -1, 2, 1, -5, 4, ]
ALGORITHM 1: 

[4, -1, 2, 1, ]
6

ALGORITHM 2: 

[4, -1, 2, 1, ]
6

ALGORITHM 3: 

[4, -1, 2, 1, ]
6

ALGORITHM 4: 

[4, -1, 2, 1, ]
6

------------------------------------------------

